0, plf 5 ;
1, struct 1080 1000 200 506 15 500 1.0 2.8 7.2 10.0 13.0  ;2, eos 1080 ;
5, plf 6 ;
6, struct 1210 11 1400 230 3 ;
7, comp 1210 0 224 20 150 ;
8, comp 1210 1 225 18 100 ;
9, comp 1210 2 368 13 150 ;
10, comp 1210 3 369.7 11 270 ;
11, comp 1210 4 476 6.5 400 ;
12, comp 1210 5 680 7 250 ;
13, comp 1210 6 800 5 220 ;
14, comp 1210 7 1094 4 200 ;
15, comp 1210 8 1200 3 200 ;
16, comp 1210 9 1504 2 150 ;
17, comp 1210 10 1628 1.5 200 ;
18, eos 1210 ;
21, struct 1250 7 450 394 3 ;
22, comp 1250 0 240 10 150 ;
23, comp 1250 1 277 9.5 125 ;
24, comp 1250 2 385 8.5 150 ;
25, comp 1250 3 605 5 100 ;
26, comp 1250 4 100 7 50 ;
27, comp 1250 5 670 5.5 50 ;
28, comp 1250 6 812 4 50 ;
29, eos 1250 ;
41, struct 1280 9 975 349 3 ;
42, comp 1280 0 675 24 200 ;
43, comp 1280 1 124 16 200 ;
44, comp 1280 2 346 22 200 ;
45, comp 1280 3 1108 17 200 ;
46, comp 1280 4 1634 6 150 ;
47, comp 1280 5 2249 3 75 ;
48, comp 1280 6 2941 2 50 ;
49, comp 1280 7 3700 1.5 20 ;
50, comp 1280 8 4504 0.8 10 ;
51, eos 1280 ;
61, struct 1320 11 2000 553 3 ;
62, comp 1320 0 58 25 200 ;
63, comp 1320 1 62 22 150 ;
64, comp 1320 2 102 20 100 ;
65, comp 1320 3 293 25 600 ;
66, comp 1320 4 293.5 20 200 ;
67, comp 1320 5 349 17 400 ;
68, comp 1320 6 347 15 300 ;
69, comp 1320 7 440 13 200 ;
70, comp 1320 8 583 11 100 ;
71, comp 1320 9 670 5 100 ;
52, comp 1320 10 930 3 300 ;
53, eos 1320 ;
81, struct 1360 11 1690 462 3 ;
82, comp 1360 0 466 20 500 ;
83, comp 1360 1 465 18 300 ;
84, comp 1360 2 622 15 300 ;
85, comp 1360 3 624 14 100 ;
86, comp 1360 4 784 10 200 ;
87, comp 1360 5 933 7 400 ;
88, comp 1360 6 943 7 200 ;
89, comp 1360 7 1108 4 200 ;
90, comp 1360 8 1318 3 100 ;
91, comp 1360 9 1566 2 150 ;
92, comp 1360 10 1760 2.5 200 ;
93, eos 1360 ;
101, struct 1400 11 1600 490 3 ;
102, comp 1400 0 464 20 500 ;
103, comp 1400 1 462 18 300 ;
104, comp 1400 2 605 15 300 ;
105, comp 1400 3 607 14 100 ;
106, comp 1400 4 775 10 200 ;
107, comp 1400 5 933 7 400 ;
108, comp 1400 6 943 5 200 ;
109, comp 1400 7 1080 4 200 ;
110, comp 1400 8 1240 3 100 ;
111, comp 1400 9 1560 2.5 150 ;
112, comp 1400 10 1720 3 200 ;
113, eos 1400 ;
121, struct 1500 6 560 880 3 ;
122, comp 1500 0 233 12 150 ;
123, comp 1500 1 277 9 150 ;
124, comp 1500 2 370 8 150 ;
125, comp 1500 3 392 5 150 ;
126, comp 1500 4 523 4 100 ;
127, comp 1500 5 880 4 150 ;
128, eos 1500 ;
141, struct 1525 6 1035 392 3 ;
142, comp 1525 0 123 9 300 ;
143, comp 1525 1 175 12 150 ;
144, comp 1525 2 264 3 200 ;
145, comp 1525 3 277.8 8 200 ;
146, comp 1525 4 329 6 200 ;
147, comp 1525 5 392 4 300 ;
148, eos 1525 ;
161, struct 1550 6 1024 699 3 ;
162, comp 1550 0 146 12 300 ;
163, comp 1550 1 207 11 200 ;
164, comp 1550 2 277 8 200 ;
165, comp 1550 3 329.7 10 150 ;
166, comp 1550 4 466 6 150 ;
167, comp 1550 5 698 4 150 ;
168, eos 1550 ;
181, struct 1600 6 836 699 3 ;
182, comp 1600 0 294 9 200 ;
183, comp 1600 1 330 8 200 ;
184, comp 1600 2 392 6 200 ;
185, comp 1600 3 523.7 4 200 ;
186, comp 1600 4 554 7 150 ;
187, comp 1600 5 698 4 150 ;
188, eos 1600 ;
201, struct 1625 6 821 493 3 ;
202, comp 1625 0 139 12 300 ;
203, comp 1625 1 196 10 200 ;
204, comp 1625 2 261 4 200 ;
205, comp 1625 3 311 8 150 ;
206, comp 1625 4 370.5 6 150 ;
207, comp 1625 5 493 5 150 ;
208, eos 1625 ;
221, struct 1650 6 832 1108 3 ;
222, comp 1650 0 262 10 300 ;
223, comp 1650 1 415 7 150 ;
224, comp 1650 2 587 6 150 ;
225, comp 1650 3 784 3 150 ;
226, comp 1650 4 932 5 150 ;
227, comp 1650 5 1108 4 150 ;
228, eos 1650 ;
241, struct 1700 13 740 77.8 4 ;
242, comp 1700 0 34.5 20 60 ;
243, comp 1700 1 35 15 60 ;
244, comp 1700 2 80 20 200 ;
245, comp 1700 3 80.4 17 150 ;
246, comp 1700 4 160 20 200 ;
247, comp 1700 5 200 15 300 ;
248, comp 1700 6 342 6 200 ;
249, comp 1700 7 425 5 150 ;
250, comp 1700 8 500 7 200 ;
251, comp 1700 9 895 4 50 ;
252, comp 1700 10 1303 2 40 ;
253, comp 1700 11 1501 1 50 ;
254, comp 1700 12 2200 1.5 40 ;
255, eos 1700 ;
261, struct 1750 13 820 77.8 4 ;
262, comp 1750 0 34.5 20 60 ;
263, comp 1750 1 35 15 60 ;
264, comp 1750 2 82 20 200 ;
265, comp 1750 3 82.4 17 150 ;
266, comp 1750 4 164 20 200 ;
267, comp 1750 5 195 15 300 ;
268, comp 1750 6 349 6 200 ;
269, comp 1750 7 440 5 150 ;
270, comp 1750 8 493 7 200 ;
271, comp 1750 9 881 4 50 ;
272, comp 1750 10 1318 2 40 ;
273, comp 1750 11 1480 1 50 ;
274, comp 1750 12 2217 1.5 40 ;
275, eos 1750 ;
301, struct 1800 13 800 86.75 4 ;
302, comp 1800 0 35 20 30 ;
303, comp 1800 1 49 20 20 ;
304, comp 1800 2 85 20 500 ;
305, comp 1800 3 170 17 150 ;
306, comp 1800 4 206 15 200 ;
307, comp 1800 5 338 6 200 ;
308, comp 1800 6 423 5 100 ;
309, comp 1800 7 508 7 150 ;
310, comp 1800 8 630 4 30 ;
311, comp 1800 9 700 3 20 ;
312, comp 1800 10 760 2 40 ;
313, comp 1800 11 785 1 60 ;
314, comp 1800 12 909 2 30 ;
315, eos 1800 ;
