Tape01_S01, 0 0 0 58;Tape02_S02, 0 58 1 25;Tape03_S02, 1 28 1 41;
Tape04_S02, 1 41 3 10;Tape05_S03, 3 10.4 4 33;Tape06_S03, 4 59 5 11;Tape07_S04, 5 17.821 5 35;Tape08_S04, 5 47 5 55;
Tape09_S04, 5 56 6 15;Tape10_S05, 6 34.724 7 8;
Tape11_S05, 7 8 7 34;
Tape12_S05, 7 35 8 11;
Tape13_S05, 8 13 8 27;
Tape14_S05, 8 28 9 14.8;
Tape15_S06, 9 15 10 4;
Tape16_S06, 10 5 11 40;
Tape17_S06, 11 45 12 6;Tape18_S07, 12 8 12 56;Tape19_S07, 12 59 13 10;
Tape20_S08, 13 11 13 40;
Tape21_S08, 13 42 14 5;Tape22_S08, 14 6.367 14 35;