0, plf 5 ;
1, struct 1080 1000 200 506 15 500 1.0 2.8 7.2 10.0 13.0  ;
2, eos 1080 ;
10, plf 6 ;
20 , struct 700 7 723 207.6 3 ;
21 , comp 700 0 208.12 12 200 ;
22 , comp 700 1 300.625 6 160 ;
23 , comp 700 2 326.76 9 200 ;
24 , comp 700 3 531.875 5 100 ;
25 , comp 700 4 531 5 120 ;
26 , comp 700 5 740 3 100 ;
27 , comp 700 6 925 2.6 150 ;
28 , eos 700 ;
29 , struct 760 7 1019 261.6 3 ;
30 , comp 760 0 185 9 150 ;
31 , comp 760 1 186.6 7 160 ;
32 , comp 760 2 254.375 12 180 ;
33 , comp 760 3 255.2 12 290 ;
34 , comp 760 4 393.125 6 200 ;
35 , comp 760 5 555 4.5 200 ;
36 , comp 760 6 925 2.6 150 ;
37 , eos 760 ;
38 , struct 790 7 1019 261.6 3 ;
39 , comp 790 0 166 9 150 ;
40 , comp 790 1 186.5 8 160 ;
41 , comp 790 2 261.6 12 180 ;
42 , comp 790 3 260.8 12 190 ;
43 , comp 790 4 392 6 200 ;
44 , comp 790 5 554.4 4.5 200 ;
45 , comp 790 6 932.3 2.5 150 ;
46 , eos 790 ;
47 , struct 880 8 603 261 3 ;
48 , comp 880 0 261 11 250 ;
49 , comp 880 1 392 5 100 ;
50 , comp 880 2 659 8 200 ;
51 , comp 880 3 740 6.5 75 ;
52 , comp 880 4 733.5 6 75 ;
53 , comp 880 5 932.3 4.5 100 ;
54 , comp 880 6 1174 3 50 ;
55 , comp 880 7 1700.4 2 50 ;
56 , eos 880 ;
60 , struct 1100 8 1200 73 3 ;
61 , comp 1100  0 73 15 300 ;
62 , comp 1100  1 98 10 200 ;
63 , comp 1100  2 138 8 200 ;
64 , comp 1100  3 174 6 200 ;
65 , comp 1100  4 164 4 200 ;
66 , comp 1100  5 207 2 200 ;
67 , comp 1100  6 233 1.5 200 ;
68 , comp 1100  7 246 1 200 ;
69 , eos 1100 ;
70 , struct 1150 8 700 73 3  ;
71 , comp 1150  0 73 10 300 ;
72 , comp 1150  1 87 8 200 ;
73 , comp 1150  2 103 6 200 ;
74 , comp 1150  3 123 3 200 ;
75 , comp 1150  4 207 5 200 ;
76 , comp 1150  5 164 2 200 ;
77 , comp 1150  6 196 1.5 200 ;
78 , comp 1150  7 233 1 200 ;
79 , eos 1150 ;
1006, struct 1210 11 1400 230 3 ;
1007, comp 1210 0 224 20 150 ;
1008, comp 1210 1 225 18 100 ;
1009, comp 1210 2 368 13 150 ;
1010, comp 1210 3 369.7 11 270 ;
1011, comp 1210 4 476 6.5 400 ;
1012, comp 1210 5 680 7 250 ;
1013, comp 1210 6 800 5 220 ;
1014, comp 1210 7 1094 4 200 ;
1015, comp 1210 8 1200 3 200 ;
1016, comp 1210 9 1504 2 150 ;
1017, comp 1210 10 1628 1.5 200 ;
1018, eos 1210 ;
1021, struct 1250 7 450 394 3 ;
1022, comp 1250 0 240 10 150 ;
1023, comp 1250 1 277 9.5 125 ;
1024, comp 1250 2 385 8.5 150 ;
1025, comp 1250 3 605 5 100 ;
1026, comp 1250 4 100 7 50 ;
1027, comp 1250 5 670 5.5 50 ;
1028, comp 1250 6 812 4 50 ;
1029, eos 1250 ;
1041, struct 1280 9 975 349 3 ;
1042, comp 1280 0 675 24 200 ;
1043, comp 1280 1 124 16 200 ;
1044, comp 1280 2 346 22 200 ;
1045, comp 1280 3 1108 17 200 ;
1046, comp 1280 4 1634 6 150 ;
1047, comp 1280 5 2249 3 75 ;
1048, comp 1280 6 2941 2 50 ;
1049, comp 1280 7 3700 1.5 20 ;
1050, comp 1280 8 4504 0.8 10 ;
1051, eos 1280 ;
1061, struct 1320 11 2000 553 3 ;
1062, comp 1320 0 58 25 200 ;
1063, comp 1320 1 62 22 150 ;
1064, comp 1320 2 102 20 100 ;
1065, comp 1320 3 293 25 600 ;
1066, comp 1320 4 293.5 20 200 ;
1067, comp 1320 5 349 17 400 ;
1068, comp 1320 6 347 15 300 ;
1069, comp 1320 7 440 13 200 ;
1070, comp 1320 8 583 11 100 ;
1071, comp 1320 9 670 5 100 ;
1052, comp 1320 10 930 3 300 ;
1053, eos 1320 ;
1081, struct 1360 11 1690 462 3 ;
1082, comp 1360 0 466 20 500 ;
1083, comp 1360 1 465 18 300 ;
1084, comp 1360 2 622 15 300 ;
1085, comp 1360 3 624 14 100 ;
1086, comp 1360 4 784 10 200 ;
1087, comp 1360 5 933 7 400 ;
1088, comp 1360 6 943 7 200 ;
1089, comp 1360 7 1108 4 200 ;
1090, comp 1360 8 1318 3 100 ;
1091, comp 1360 9 1566 2 150 ;
1092, comp 1360 10 1760 2.5 200 ;
1093, eos 1360 ;
10101, struct 1400 11 1600 490 3 ;
10102, comp 1400 0 464 20 500 ;
10103, comp 1400 1 462 18 300 ;
10104, comp 1400 2 605 15 300 ;
10105, comp 1400 3 607 14 100 ;
10106, comp 1400 4 775 10 200 ;
10107, comp 1400 5 933 7 400 ;
10108, comp 1400 6 943 5 200 ;
10109, comp 1400 7 1080 4 200 ;
10110, comp 1400 8 1240 3 100 ;
10111, comp 1400 9 1560 2.5 150 ;
10112, comp 1400 10 1720 3 200 ;
10113, eos 1400 ;
10121, struct 1500 6 560 880 3 ;
10122, comp 1500 0 233 12 150 ;
10123, comp 1500 1 277 9 150 ;
10124, comp 1500 2 370 8 150 ;
10125, comp 1500 3 392 5 150 ;
10126, comp 1500 4 523 4 100 ;
10127, comp 1500 5 880 4 150 ;
10128, eos 1500 ;
10141, struct 1525 6 1035 392 3 ;
10142, comp 1525 0 123 9 300 ;
10143, comp 1525 1 175 12 150 ;
10144, comp 1525 2 264 3 200 ;
10145, comp 1525 3 277.8 8 200 ;
10146, comp 1525 4 329 6 200 ;
10147, comp 1525 5 392 4 300 ;
10148, eos 1525 ;
10161, struct 1550 6 1024 699 3 ;
10162, comp 1550 0 146 12 300 ;
10163, comp 1550 1 207 11 200 ;
10164, comp 1550 2 277 8 200 ;
10165, comp 1550 3 329.7 10 150 ;
10166, comp 1550 4 466 6 150 ;
10167, comp 1550 5 698 4 150 ;
10168, eos 1550 ;
10181, struct 1600 6 836 699 3 ;
10182, comp 1600 0 294 9 200 ;
10183, comp 1600 1 330 8 200 ;
10184, comp 1600 2 392 6 200 ;
10185, comp 1600 3 523.7 4 200 ;
10186, comp 1600 4 554 7 150 ;
10187, comp 1600 5 698 4 150 ;
10188, eos 1600 ;
10201, struct 1625 6 821 493 3 ;
10202, comp 1625 0 139 12 300 ;
10203, comp 1625 1 196 10 200 ;
10204, comp 1625 2 261 4 200 ;
10205, comp 1625 3 311 8 150 ;
10206, comp 1625 4 370.5 6 150 ;
10207, comp 1625 5 493 5 150 ;
10208, eos 1625 ;
10221, struct 1650 6 832 1108 3 ;
10222, comp 1650 0 262 10 300 ;
10223, comp 1650 1 415 7 150 ;
10224, comp 1650 2 587 6 150 ;
10225, comp 1650 3 784 3 150 ;
10226, comp 1650 4 932 5 150 ;
10227, comp 1650 5 1108 4 150 ;
10228, eos 1650 ;
10241, struct 1700 13 740 77.8 4 ;
10242, comp 1700 0 34.5 20 60 ;
10243, comp 1700 1 35 15 60 ;
10244, comp 1700 2 80 20 200 ;
10245, comp 1700 3 80.4 17 150 ;
10246, comp 1700 4 160 20 200 ;
10247, comp 1700 5 200 15 300 ;
10248, comp 1700 6 342 6 200 ;
10249, comp 1700 7 425 5 150 ;
10250, comp 1700 8 500 7 200 ;
10251, comp 1700 9 895 4 50 ;
10252, comp 1700 10 1303 2 40 ;
10253, comp 1700 11 1501 1 50 ;
10254, comp 1700 12 2200 1.5 40 ;
10255, eos 1700 ;
10261, struct 1750 13 820 77.8 4 ;
10262, comp 1750 0 34.5 20 60 ;
10263, comp 1750 1 35 15 60 ;
10264, comp 1750 2 82 20 200 ;
10265, comp 1750 3 82.4 17 150 ;
10266, comp 1750 4 164 20 200 ;
10267, comp 1750 5 195 15 300 ;
10268, comp 1750 6 349 6 200 ;
10269, comp 1750 7 440 5 150 ;
10270, comp 1750 8 493 7 200 ;
10271, comp 1750 9 881 4 50 ;
10272, comp 1750 10 1318 2 40 ;
10273, comp 1750 11 1480 1 50 ;
10274, comp 1750 12 2217 1.5 40 ;
10275, eos 1750 ;
10301, struct 1800 13 800 86.75 4 ;
10302, comp 1800 0 35 20 30 ;
10303, comp 1800 1 49 20 20 ;
10304, comp 1800 2 85 20 500 ;
10305, comp 1800 3 170 17 150 ;
10306, comp 1800 4 206 15 200 ;
10307, comp 1800 5 338 6 200 ;
10308, comp 1800 6 423 5 100 ;
10309, comp 1800 7 508 7 150 ;
10310, comp 1800 8 630 4 30 ;
10311, comp 1800 9 700 3 20 ;
10312, comp 1800 10 760 2 40 ;
10313, comp 1800 11 785 1 60 ;
10314, comp 1800 12 909 2 30 ;
10315, eos 1800 ;
